<?xml version="1.0"?>
<opencv_storage>
<Distortion type_id="opencv-matrix">
<rows>5</rows>
<cols>1</cols>
<dt>f</dt>
<data>
1.1675522026504343e-002 3.0229188079014752e-001 0. 0. -2.3152600446245297e+000
</data>
</Distortion>
</opencv_storage>
