<?xml version="1.0"?>
<opencv_storage>
<Intrinsics type_id="opencv-matrix">
<rows>3</rows>
<cols>3</cols>
<dt>f</dt>
<data>
5.1096594018229388e+002 0. 3.1950000000000000e+002 0. 5.1096594018229388e+002 2.3950000000000000e+002 0. 0. 1.
</data>
</Intrinsics>
</opencv_storage>

