<?xml version="1.0"?>
<opencv_storage>
<Distortion type_id="opencv-matrix">
<rows>5</rows>
<cols>1</cols>
<dt>f</dt>
<data>
-2.7803846065104521e-001 1.6860196878678584e+000 0. 0. -6.8211830354586178e+000
</data>
</Distortion>
</opencv_storage>