<?xml version="1.0"?>
<opencv_storage>
<Distortion type_id="opencv-matrix">
<rows>5</rows>
<cols>1</cols>
<dt>f</dt>
<data>
2.0498061777300881e-002 -1.1127765186285811e-001 0. 0. 4.2769164947714947e-002
</data>
</Distortion>
</opencv_storage>